{
 "cells": [
  {
   "cell_type": "markdown",
   "metadata": {
    "tags": []
   },
   "source": [
    " # __DAMA50: Unit3 Notebook [7-1-2023]__"
   ]
  },
  {
   "cell_type": "markdown",
   "metadata": {},
   "source": [
    "# Determinant and Trace"
   ]
  },
  {
   "cell_type": "code",
   "execution_count": 196,
   "metadata": {
    "vscode": {
     "languageId": "python"
    }
   },
   "outputs": [
    {
     "data": {
      "text/html": [
       "<html>\\(\\displaystyle \\left(\\begin{array}{rrrr}\n",
       "-1 & -2 & -\\frac{1}{2} & -2 \\\\\n",
       "-\\frac{1}{2} & 1 & 0 & -2 \\\\\n",
       "\\frac{1}{2} & 1 & 0 & -2 \\\\\n",
       "-1 & -1 & 0 & 1\n",
       "\\end{array}\\right)\\)</html>"
      ],
      "text/latex": [
       "$\\displaystyle \\left(\\begin{array}{rrrr}\n",
       "-1 & -2 & -\\frac{1}{2} & -2 \\\\\n",
       "-\\frac{1}{2} & 1 & 0 & -2 \\\\\n",
       "\\frac{1}{2} & 1 & 0 & -2 \\\\\n",
       "-1 & -1 & 0 & 1\n",
       "\\end{array}\\right)$"
      ],
      "text/plain": [
       "[  -1   -2 -1/2   -2]\n",
       "[-1/2    1    0   -2]\n",
       "[ 1/2    1    0   -2]\n",
       "[  -1   -1    0    1]"
      ]
     },
     "execution_count": 196,
     "metadata": {},
     "output_type": "execute_result"
    }
   ],
   "source": [
    "A=random_matrix(QQ,4,4);A"
   ]
  },
  {
   "cell_type": "code",
   "execution_count": 197,
   "metadata": {
    "vscode": {
     "languageId": "python"
    }
   },
   "outputs": [
    {
     "data": {
      "text/html": [
       "<html>\\(\\displaystyle -\\frac{1}{2}\\)</html>"
      ],
      "text/latex": [
       "$\\displaystyle -\\frac{1}{2}$"
      ],
      "text/plain": [
       "-1/2"
      ]
     },
     "execution_count": 197,
     "metadata": {},
     "output_type": "execute_result"
    }
   ],
   "source": [
    "det(A)"
   ]
  },
  {
   "cell_type": "code",
   "execution_count": 198,
   "metadata": {
    "vscode": {
     "languageId": "python"
    }
   },
   "outputs": [
    {
     "data": {
      "text/html": [
       "<html>\\(\\displaystyle 1\\)</html>"
      ],
      "text/latex": [
       "$\\displaystyle 1$"
      ],
      "text/plain": [
       "1"
      ]
     },
     "execution_count": 198,
     "metadata": {},
     "output_type": "execute_result"
    }
   ],
   "source": [
    "A.trace()"
   ]
  },
  {
   "cell_type": "markdown",
   "metadata": {},
   "source": [
    "# Cholesky decomposition"
   ]
  },
  {
   "cell_type": "code",
   "execution_count": 199,
   "metadata": {
    "vscode": {
     "languageId": "python"
    }
   },
   "outputs": [
    {
     "data": {
      "text/html": [
       "<html>\\(\\displaystyle \\left(\\begin{array}{rrrrrrrr}\n",
       "3.05 & -0.0661 & -0.291 & -0.208 & 0.189 & 0.173 & 0.564 & -0.276 \\\\\n",
       "-0.0661 & 2.93 & -1.05 & 0.704 & -1.06 & 2.10 & -1.04 & 1.08 \\\\\n",
       "-0.291 & -1.05 & 2.21 & 0.992 & 1.56 & -0.00688 & 0.300 & -1.14 \\\\\n",
       "-0.208 & 0.704 & 0.992 & 5.00 & 0.941 & 2.71 & -0.0180 & 0.642 \\\\\n",
       "0.189 & -1.06 & 1.56 & 0.941 & 2.30 & 0.416 & 0.469 & -0.395 \\\\\n",
       "0.173 & 2.10 & -0.00688 & 2.71 & 0.416 & 2.97 & -0.577 & 1.21 \\\\\n",
       "0.564 & -1.04 & 0.300 & -0.0180 & 0.469 & -0.577 & 1.15 & -0.505 \\\\\n",
       "-0.276 & 1.08 & -1.14 & 0.642 & -0.395 & 1.21 & -0.505 & 2.38\n",
       "\\end{array}\\right)\\)</html>"
      ],
      "text/latex": [
       "$\\displaystyle \\left(\\begin{array}{rrrrrrrr}\n",
       "3.05 & -0.0661 & -0.291 & -0.208 & 0.189 & 0.173 & 0.564 & -0.276 \\\\\n",
       "-0.0661 & 2.93 & -1.05 & 0.704 & -1.06 & 2.10 & -1.04 & 1.08 \\\\\n",
       "-0.291 & -1.05 & 2.21 & 0.992 & 1.56 & -0.00688 & 0.300 & -1.14 \\\\\n",
       "-0.208 & 0.704 & 0.992 & 5.00 & 0.941 & 2.71 & -0.0180 & 0.642 \\\\\n",
       "0.189 & -1.06 & 1.56 & 0.941 & 2.30 & 0.416 & 0.469 & -0.395 \\\\\n",
       "0.173 & 2.10 & -0.00688 & 2.71 & 0.416 & 2.97 & -0.577 & 1.21 \\\\\n",
       "0.564 & -1.04 & 0.300 & -0.0180 & 0.469 & -0.577 & 1.15 & -0.505 \\\\\n",
       "-0.276 & 1.08 & -1.14 & 0.642 & -0.395 & 1.21 & -0.505 & 2.38\n",
       "\\end{array}\\right)$"
      ],
      "text/plain": [
       "[    3.05  -0.0661   -0.291   -0.208    0.189    0.173    0.564   -0.276]\n",
       "[ -0.0661     2.93    -1.05    0.704    -1.06     2.10    -1.04     1.08]\n",
       "[  -0.291    -1.05     2.21    0.992     1.56 -0.00688    0.300    -1.14]\n",
       "[  -0.208    0.704    0.992     5.00    0.941     2.71  -0.0180    0.642]\n",
       "[   0.189    -1.06     1.56    0.941     2.30    0.416    0.469   -0.395]\n",
       "[   0.173     2.10 -0.00688     2.71    0.416     2.97   -0.577     1.21]\n",
       "[   0.564    -1.04    0.300  -0.0180    0.469   -0.577     1.15   -0.505]\n",
       "[  -0.276     1.08    -1.14    0.642   -0.395     1.21   -0.505     2.38]"
      ]
     },
     "execution_count": 199,
     "metadata": {},
     "output_type": "execute_result"
    }
   ],
   "source": [
    "m=random_matrix(RDF, 8);\n",
    "A=transpose(m)*m;A.n(digits=3)"
   ]
  },
  {
   "cell_type": "code",
   "execution_count": 200,
   "metadata": {
    "vscode": {
     "languageId": "python"
    }
   },
   "outputs": [
    {
     "data": {
      "text/html": [
       "<html>\\(\\displaystyle \\left(\\begin{array}{rrrrrrrr}\n",
       "1.75 & 0.000 & 0.000 & 0.000 & 0.000 & 0.000 & 0.000 & 0.000 \\\\\n",
       "-0.0379 & 1.71 & 0.000 & 0.000 & 0.000 & 0.000 & 0.000 & 0.000 \\\\\n",
       "-0.167 & -0.619 & 1.34 & 0.000 & 0.000 & 0.000 & 0.000 & 0.000 \\\\\n",
       "-0.119 & 0.408 & 0.912 & 2.00 & 0.000 & 0.000 & 0.000 & 0.000 \\\\\n",
       "0.108 & -0.617 & 0.887 & 0.198 & 1.04 & 0.000 & 0.000 & 0.000 \\\\\n",
       "0.0993 & 1.23 & 0.574 & 0.851 & 0.466 & 0.421 & 0.000 & 0.000 \\\\\n",
       "0.323 & -0.602 & -0.0140 & 0.140 & 0.0454 & -0.00336 & 0.814 & 0.000 \\\\\n",
       "-0.158 & 0.630 & -0.577 & 0.447 & 0.416 & 0.491 & -0.200 & 0.985\n",
       "\\end{array}\\right)\\)</html>"
      ],
      "text/latex": [
       "$\\displaystyle \\left(\\begin{array}{rrrrrrrr}\n",
       "1.75 & 0.000 & 0.000 & 0.000 & 0.000 & 0.000 & 0.000 & 0.000 \\\\\n",
       "-0.0379 & 1.71 & 0.000 & 0.000 & 0.000 & 0.000 & 0.000 & 0.000 \\\\\n",
       "-0.167 & -0.619 & 1.34 & 0.000 & 0.000 & 0.000 & 0.000 & 0.000 \\\\\n",
       "-0.119 & 0.408 & 0.912 & 2.00 & 0.000 & 0.000 & 0.000 & 0.000 \\\\\n",
       "0.108 & -0.617 & 0.887 & 0.198 & 1.04 & 0.000 & 0.000 & 0.000 \\\\\n",
       "0.0993 & 1.23 & 0.574 & 0.851 & 0.466 & 0.421 & 0.000 & 0.000 \\\\\n",
       "0.323 & -0.602 & -0.0140 & 0.140 & 0.0454 & -0.00336 & 0.814 & 0.000 \\\\\n",
       "-0.158 & 0.630 & -0.577 & 0.447 & 0.416 & 0.491 & -0.200 & 0.985\n",
       "\\end{array}\\right)$"
      ],
      "text/plain": [
       "[    1.75    0.000    0.000    0.000    0.000    0.000    0.000    0.000]\n",
       "[ -0.0379     1.71    0.000    0.000    0.000    0.000    0.000    0.000]\n",
       "[  -0.167   -0.619     1.34    0.000    0.000    0.000    0.000    0.000]\n",
       "[  -0.119    0.408    0.912     2.00    0.000    0.000    0.000    0.000]\n",
       "[   0.108   -0.617    0.887    0.198     1.04    0.000    0.000    0.000]\n",
       "[  0.0993     1.23    0.574    0.851    0.466    0.421    0.000    0.000]\n",
       "[   0.323   -0.602  -0.0140    0.140   0.0454 -0.00336    0.814    0.000]\n",
       "[  -0.158    0.630   -0.577    0.447    0.416    0.491   -0.200    0.985]"
      ]
     },
     "execution_count": 200,
     "metadata": {},
     "output_type": "execute_result"
    }
   ],
   "source": [
    "C=A.cholesky();\n",
    "C.n(digits=3)"
   ]
  },
  {
   "cell_type": "code",
   "execution_count": 201,
   "metadata": {
    "vscode": {
     "languageId": "python"
    }
   },
   "outputs": [
    {
     "data": {
      "text/html": [
       "<html>\\(\\displaystyle \\left(\\begin{array}{rrrrrrrr}\n",
       "0.000 & 0.000 & -5.55 \\times 10^{-17} & 0.000 & 0.000 & 0.000 & 1.11 \\times 10^{-16} & -5.55 \\times 10^{-17} \\\\\n",
       "0.000 & 0.000 & 0.000 & 0.000 & 0.000 & 0.000 & 0.000 & 0.000 \\\\\n",
       "-5.55 \\times 10^{-17} & 0.000 & 0.000 & 0.000 & 2.22 \\times 10^{-16} & 1.47 \\times 10^{-17} & 0.000 & 0.000 \\\\\n",
       "0.000 & 0.000 & 0.000 & 0.000 & 0.000 & 4.44 \\times 10^{-16} & 0.000 & 0.000 \\\\\n",
       "0.000 & 0.000 & 2.22 \\times 10^{-16} & 0.000 & 0.000 & 0.000 & 0.000 & 0.000 \\\\\n",
       "0.000 & 0.000 & 1.47 \\times 10^{-17} & 4.44 \\times 10^{-16} & 0.000 & -4.44 \\times 10^{-16} & 0.000 & -2.22 \\times 10^{-16} \\\\\n",
       "1.11 \\times 10^{-16} & 0.000 & 0.000 & 0.000 & 0.000 & 0.000 & 0.000 & 0.000 \\\\\n",
       "-5.55 \\times 10^{-17} & 0.000 & 0.000 & 0.000 & 0.000 & -2.22 \\times 10^{-16} & 0.000 & 4.44 \\times 10^{-16}\n",
       "\\end{array}\\right)\\)</html>"
      ],
      "text/latex": [
       "$\\displaystyle \\left(\\begin{array}{rrrrrrrr}\n",
       "0.000 & 0.000 & -5.55 \\times 10^{-17} & 0.000 & 0.000 & 0.000 & 1.11 \\times 10^{-16} & -5.55 \\times 10^{-17} \\\\\n",
       "0.000 & 0.000 & 0.000 & 0.000 & 0.000 & 0.000 & 0.000 & 0.000 \\\\\n",
       "-5.55 \\times 10^{-17} & 0.000 & 0.000 & 0.000 & 2.22 \\times 10^{-16} & 1.47 \\times 10^{-17} & 0.000 & 0.000 \\\\\n",
       "0.000 & 0.000 & 0.000 & 0.000 & 0.000 & 4.44 \\times 10^{-16} & 0.000 & 0.000 \\\\\n",
       "0.000 & 0.000 & 2.22 \\times 10^{-16} & 0.000 & 0.000 & 0.000 & 0.000 & 0.000 \\\\\n",
       "0.000 & 0.000 & 1.47 \\times 10^{-17} & 4.44 \\times 10^{-16} & 0.000 & -4.44 \\times 10^{-16} & 0.000 & -2.22 \\times 10^{-16} \\\\\n",
       "1.11 \\times 10^{-16} & 0.000 & 0.000 & 0.000 & 0.000 & 0.000 & 0.000 & 0.000 \\\\\n",
       "-5.55 \\times 10^{-17} & 0.000 & 0.000 & 0.000 & 0.000 & -2.22 \\times 10^{-16} & 0.000 & 4.44 \\times 10^{-16}\n",
       "\\end{array}\\right)$"
      ],
      "text/plain": [
       "[    0.000     0.000 -5.55e-17     0.000     0.000     0.000  1.11e-16 -5.55e-17]\n",
       "[    0.000     0.000     0.000     0.000     0.000     0.000     0.000     0.000]\n",
       "[-5.55e-17     0.000     0.000     0.000  2.22e-16  1.47e-17     0.000     0.000]\n",
       "[    0.000     0.000     0.000     0.000     0.000  4.44e-16     0.000     0.000]\n",
       "[    0.000     0.000  2.22e-16     0.000     0.000     0.000     0.000     0.000]\n",
       "[    0.000     0.000  1.47e-17  4.44e-16     0.000 -4.44e-16     0.000 -2.22e-16]\n",
       "[ 1.11e-16     0.000     0.000     0.000     0.000     0.000     0.000     0.000]\n",
       "[-5.55e-17     0.000     0.000     0.000     0.000 -2.22e-16     0.000  4.44e-16]"
      ]
     },
     "execution_count": 201,
     "metadata": {},
     "output_type": "execute_result"
    }
   ],
   "source": [
    "(C*transpose(C)-A).n(digits=3)"
   ]
  },
  {
   "cell_type": "markdown",
   "metadata": {},
   "source": [
    "# Eigenvalues and Eigenvectors"
   ]
  },
  {
   "cell_type": "code",
   "execution_count": 202,
   "metadata": {
    "vscode": {
     "languageId": "python"
    }
   },
   "outputs": [],
   "source": [
    "%display latex"
   ]
  },
  {
   "cell_type": "code",
   "execution_count": 203,
   "metadata": {
    "vscode": {
     "languageId": "python"
    }
   },
   "outputs": [
    {
     "data": {
      "text/html": [
       "<html>\\(\\displaystyle \\left(\\begin{array}{rrrr}\n",
       "4 & -2 & 1 & -1 \\\\\n",
       "-2 & 2 & 3 & -3 \\\\\n",
       "1 & 3 & 4 & -1 \\\\\n",
       "-1 & -3 & -1 & 4\n",
       "\\end{array}\\right)\\)</html>"
      ],
      "text/latex": [
       "$\\displaystyle \\left(\\begin{array}{rrrr}\n",
       "4 & -2 & 1 & -1 \\\\\n",
       "-2 & 2 & 3 & -3 \\\\\n",
       "1 & 3 & 4 & -1 \\\\\n",
       "-1 & -3 & -1 & 4\n",
       "\\end{array}\\right)$"
      ],
      "text/plain": [
       "[ 4 -2  1 -1]\n",
       "[-2  2  3 -3]\n",
       "[ 1  3  4 -1]\n",
       "[-1 -3 -1  4]"
      ]
     },
     "execution_count": 203,
     "metadata": {},
     "output_type": "execute_result"
    }
   ],
   "source": [
    "A=matrix(QQ,[[4,-2,1,-1],[-2,2,3,-3],[1,3,4,-1],[-1,-3,-1,4]]);\n",
    "A"
   ]
  },
  {
   "cell_type": "code",
   "execution_count": 204,
   "metadata": {
    "vscode": {
     "languageId": "python"
    }
   },
   "outputs": [
    {
     "data": {
      "text/html": [
       "<html>\\(\\displaystyle x^{4} - 14 \\, x^{3} + 47 \\, x^{2} + 38 \\, x - 240\\)</html>"
      ],
      "text/latex": [
       "$\\displaystyle x^{4} - 14 \\, x^{3} + 47 \\, x^{2} + 38 \\, x - 240$"
      ],
      "text/plain": [
       "x^4 - 14*x^3 + 47*x^2 + 38*x - 240"
      ]
     },
     "execution_count": 204,
     "metadata": {},
     "output_type": "execute_result"
    }
   ],
   "source": [
    "u(x)=A.characteristic_polynomial(x);\n",
    "u(x)"
   ]
  },
  {
   "cell_type": "code",
   "execution_count": 205,
   "metadata": {
    "vscode": {
     "languageId": "python"
    }
   },
   "outputs": [
    {
     "data": {
      "text/html": [
       "<html>\\(\\displaystyle \\left(\\begin{array}{rrrr}\n",
       "0 & 0 & 0 & 0 \\\\\n",
       "0 & 0 & 0 & 0 \\\\\n",
       "0 & 0 & 0 & 0 \\\\\n",
       "0 & 0 & 0 & 0\n",
       "\\end{array}\\right)\\)</html>"
      ],
      "text/latex": [
       "$\\displaystyle \\left(\\begin{array}{rrrr}\n",
       "0 & 0 & 0 & 0 \\\\\n",
       "0 & 0 & 0 & 0 \\\\\n",
       "0 & 0 & 0 & 0 \\\\\n",
       "0 & 0 & 0 & 0\n",
       "\\end{array}\\right)$"
      ],
      "text/plain": [
       "[0 0 0 0]\n",
       "[0 0 0 0]\n",
       "[0 0 0 0]\n",
       "[0 0 0 0]"
      ]
     },
     "execution_count": 205,
     "metadata": {},
     "output_type": "execute_result"
    }
   ],
   "source": [
    "A^4-14*A^3+47*A^2+38*A-240"
   ]
  },
  {
   "cell_type": "code",
   "execution_count": 206,
   "metadata": {
    "vscode": {
     "languageId": "python"
    }
   },
   "outputs": [
    {
     "data": {
      "text/html": [
       "<html>\\(\\displaystyle \\left[x = 8, x = \\left(-2\\right), x = 3, x = 5\\right]\\)</html>"
      ],
      "text/latex": [
       "$\\displaystyle \\left[x = 8, x = \\left(-2\\right), x = 3, x = 5\\right]$"
      ],
      "text/plain": [
       "[x == 8, x == -2, x == 3, x == 5]"
      ]
     },
     "execution_count": 206,
     "metadata": {},
     "output_type": "execute_result"
    }
   ],
   "source": [
    "solve(u(x)==0,x)"
   ]
  },
  {
   "cell_type": "code",
   "execution_count": 207,
   "metadata": {
    "vscode": {
     "languageId": "python"
    }
   },
   "outputs": [
    {
     "data": {
      "text/html": [
       "<html>\\(\\displaystyle \\left[8, 5, 3, -2\\right]\\)</html>"
      ],
      "text/latex": [
       "$\\displaystyle \\left[8, 5, 3, -2\\right]$"
      ],
      "text/plain": [
       "[8, 5, 3, -2]"
      ]
     },
     "execution_count": 207,
     "metadata": {},
     "output_type": "execute_result"
    }
   ],
   "source": [
    "A.eigenvalues()"
   ]
  },
  {
   "cell_type": "code",
   "execution_count": 208,
   "metadata": {
    "vscode": {
     "languageId": "python"
    }
   },
   "outputs": [
    {
     "data": {
      "text/html": [
       "<html>\\(\\displaystyle \\left[\\left(8, \\left[\\left(0,\\,1,\\,1,\\,-1\\right)\\right], 1\\right), \\left(5, \\left[\\left(1,\\,-\\frac{1}{3},\\,\\frac{1}{6},\\,-\\frac{1}{6}\\right)\\right], 1\\right), \\left(3, \\left[\\left(0,\\,0,\\,1,\\,1\\right)\\right], 1\\right), \\left(-2, \\left[\\left(1,\\,2,\\,-1,\\,1\\right)\\right], 1\\right)\\right]\\)</html>"
      ],
      "text/latex": [
       "$\\displaystyle \\left[\\left(8, \\left[\\left(0,\\,1,\\,1,\\,-1\\right)\\right], 1\\right), \\left(5, \\left[\\left(1,\\,-\\frac{1}{3},\\,\\frac{1}{6},\\,-\\frac{1}{6}\\right)\\right], 1\\right), \\left(3, \\left[\\left(0,\\,0,\\,1,\\,1\\right)\\right], 1\\right), \\left(-2, \\left[\\left(1,\\,2,\\,-1,\\,1\\right)\\right], 1\\right)\\right]$"
      ],
      "text/plain": [
       "[(8,\n",
       "  [\n",
       "  (0, 1, 1, -1)\n",
       "  ],\n",
       "  1),\n",
       " (5,\n",
       "  [\n",
       "  (1, -1/3, 1/6, -1/6)\n",
       "  ],\n",
       "  1),\n",
       " (3,\n",
       "  [\n",
       "  (0, 0, 1, 1)\n",
       "  ],\n",
       "  1),\n",
       " (-2,\n",
       "  [\n",
       "  (1, 2, -1, 1)\n",
       "  ],\n",
       "  1)]"
      ]
     },
     "execution_count": 208,
     "metadata": {},
     "output_type": "execute_result"
    }
   ],
   "source": [
    "A.eigenvectors_right()"
   ]
  },
  {
   "cell_type": "code",
   "execution_count": 209,
   "metadata": {
    "vscode": {
     "languageId": "python"
    }
   },
   "outputs": [
    {
     "data": {
      "text/html": [
       "<html>\\(\\displaystyle \\left(\\left(\\begin{array}{rrrr}\n",
       "8 & 0 & 0 & 0 \\\\\n",
       "0 & 5 & 0 & 0 \\\\\n",
       "0 & 0 & 3 & 0 \\\\\n",
       "0 & 0 & 0 & -2\n",
       "\\end{array}\\right), \\left(\\begin{array}{rrrr}\n",
       "0 & 1 & 0 & 1 \\\\\n",
       "1 & -\\frac{1}{3} & 0 & 2 \\\\\n",
       "1 & \\frac{1}{6} & 1 & -1 \\\\\n",
       "-1 & -\\frac{1}{6} & 1 & 1\n",
       "\\end{array}\\right)\\right)\\)</html>"
      ],
      "text/latex": [
       "$\\displaystyle \\left(\\left(\\begin{array}{rrrr}\n",
       "8 & 0 & 0 & 0 \\\\\n",
       "0 & 5 & 0 & 0 \\\\\n",
       "0 & 0 & 3 & 0 \\\\\n",
       "0 & 0 & 0 & -2\n",
       "\\end{array}\\right), \\left(\\begin{array}{rrrr}\n",
       "0 & 1 & 0 & 1 \\\\\n",
       "1 & -\\frac{1}{3} & 0 & 2 \\\\\n",
       "1 & \\frac{1}{6} & 1 & -1 \\\\\n",
       "-1 & -\\frac{1}{6} & 1 & 1\n",
       "\\end{array}\\right)\\right)$"
      ],
      "text/plain": [
       "(\n",
       "[ 8  0  0  0]  [   0    1    0    1]\n",
       "[ 0  5  0  0]  [   1 -1/3    0    2]\n",
       "[ 0  0  3  0]  [   1  1/6    1   -1]\n",
       "[ 0  0  0 -2], [  -1 -1/6    1    1]\n",
       ")"
      ]
     },
     "execution_count": 209,
     "metadata": {},
     "output_type": "execute_result"
    }
   ],
   "source": [
    "D,PU=A.eigenmatrix_right()\n",
    "D,PU"
   ]
  },
  {
   "cell_type": "code",
   "execution_count": 210,
   "metadata": {
    "vscode": {
     "languageId": "python"
    }
   },
   "outputs": [
    {
     "data": {
      "text/html": [
       "<html>\\(\\displaystyle \\left(\\left(0,\\,1,\\,1,\\,-1\\right), \\left(1,\\,-\\frac{1}{3},\\,\\frac{1}{6},\\,-\\frac{1}{6}\\right), \\left(0,\\,0,\\,1,\\,1\\right), \\left(1,\\,2,\\,-1,\\,1\\right)\\right)\\)</html>"
      ],
      "text/latex": [
       "$\\displaystyle \\left(\\left(0,\\,1,\\,1,\\,-1\\right), \\left(1,\\,-\\frac{1}{3},\\,\\frac{1}{6},\\,-\\frac{1}{6}\\right), \\left(0,\\,0,\\,1,\\,1\\right), \\left(1,\\,2,\\,-1,\\,1\\right)\\right)$"
      ],
      "text/plain": [
       "((0, 1, 1, -1), (1, -1/3, 1/6, -1/6), (0, 0, 1, 1), (1, 2, -1, 1))"
      ]
     },
     "execution_count": 210,
     "metadata": {},
     "output_type": "execute_result"
    }
   ],
   "source": [
    "p1,p2,p3,p4=PU.columns();\n",
    "p1, p2, p3, p4"
   ]
  },
  {
   "cell_type": "code",
   "execution_count": 211,
   "metadata": {
    "vscode": {
     "languageId": "python"
    }
   },
   "outputs": [
    {
     "data": {
      "text/html": [
       "<html>\\(\\displaystyle \\left(\\begin{array}{rrrr}\n",
       "0 & \\frac{6}{7} \\, \\sqrt{\\frac{7}{6}} & 0 & \\frac{1}{7} \\, \\sqrt{7} \\\\\n",
       "\\frac{1}{3} \\, \\sqrt{3} & -\\frac{2}{7} \\, \\sqrt{\\frac{7}{6}} & 0 & \\frac{2}{7} \\, \\sqrt{7} \\\\\n",
       "\\frac{1}{3} \\, \\sqrt{3} & \\frac{1}{7} \\, \\sqrt{\\frac{7}{6}} & \\frac{1}{2} \\, \\sqrt{2} & -\\frac{1}{7} \\, \\sqrt{7} \\\\\n",
       "-\\frac{1}{3} \\, \\sqrt{3} & -\\frac{1}{7} \\, \\sqrt{\\frac{7}{6}} & \\frac{1}{2} \\, \\sqrt{2} & \\frac{1}{7} \\, \\sqrt{7}\n",
       "\\end{array}\\right)\\)</html>"
      ],
      "text/latex": [
       "$\\displaystyle \\left(\\begin{array}{rrrr}\n",
       "0 & \\frac{6}{7} \\, \\sqrt{\\frac{7}{6}} & 0 & \\frac{1}{7} \\, \\sqrt{7} \\\\\n",
       "\\frac{1}{3} \\, \\sqrt{3} & -\\frac{2}{7} \\, \\sqrt{\\frac{7}{6}} & 0 & \\frac{2}{7} \\, \\sqrt{7} \\\\\n",
       "\\frac{1}{3} \\, \\sqrt{3} & \\frac{1}{7} \\, \\sqrt{\\frac{7}{6}} & \\frac{1}{2} \\, \\sqrt{2} & -\\frac{1}{7} \\, \\sqrt{7} \\\\\n",
       "-\\frac{1}{3} \\, \\sqrt{3} & -\\frac{1}{7} \\, \\sqrt{\\frac{7}{6}} & \\frac{1}{2} \\, \\sqrt{2} & \\frac{1}{7} \\, \\sqrt{7}\n",
       "\\end{array}\\right)$"
      ],
      "text/plain": [
       "[             0  6/7*sqrt(7/6)              0    1/7*sqrt(7)]\n",
       "[   1/3*sqrt(3) -2/7*sqrt(7/6)              0    2/7*sqrt(7)]\n",
       "[   1/3*sqrt(3)  1/7*sqrt(7/6)    1/2*sqrt(2)   -1/7*sqrt(7)]\n",
       "[  -1/3*sqrt(3) -1/7*sqrt(7/6)    1/2*sqrt(2)    1/7*sqrt(7)]"
      ]
     },
     "execution_count": 211,
     "metadata": {},
     "output_type": "execute_result"
    }
   ],
   "source": [
    "P=column_matrix([p1.normalized(),p2.normalized(),p3.normalized(),p4.normalized()]);\n",
    "P\n"
   ]
  },
  {
   "cell_type": "code",
   "execution_count": 212,
   "metadata": {
    "vscode": {
     "languageId": "python"
    }
   },
   "outputs": [
    {
     "data": {
      "text/html": [
       "<html>\\(\\displaystyle \\left(\\begin{array}{rrrr}\n",
       "8 & 0 & 0 & 0 \\\\\n",
       "0 & 5 & 0 & 0 \\\\\n",
       "0 & 0 & 3 & 0 \\\\\n",
       "0 & 0 & 0 & -2\n",
       "\\end{array}\\right)\\)</html>"
      ],
      "text/latex": [
       "$\\displaystyle \\left(\\begin{array}{rrrr}\n",
       "8 & 0 & 0 & 0 \\\\\n",
       "0 & 5 & 0 & 0 \\\\\n",
       "0 & 0 & 3 & 0 \\\\\n",
       "0 & 0 & 0 & -2\n",
       "\\end{array}\\right)$"
      ],
      "text/plain": [
       "[ 8  0  0  0]\n",
       "[ 0  5  0  0]\n",
       "[ 0  0  3  0]\n",
       "[ 0  0  0 -2]"
      ]
     },
     "execution_count": 212,
     "metadata": {},
     "output_type": "execute_result"
    }
   ],
   "source": [
    "D=transpose(P)*A*P;D"
   ]
  },
  {
   "cell_type": "code",
   "execution_count": 213,
   "metadata": {
    "vscode": {
     "languageId": "python"
    }
   },
   "outputs": [
    {
     "data": {
      "text/html": [
       "<html>\\(\\displaystyle \\left(\\begin{array}{rrrr}\n",
       "4 & -2 & 1 & -1 \\\\\n",
       "-2 & 2 & 3 & -3 \\\\\n",
       "1 & 3 & 4 & -1 \\\\\n",
       "-1 & -3 & -1 & 4\n",
       "\\end{array}\\right)\\)</html>"
      ],
      "text/latex": [
       "$\\displaystyle \\left(\\begin{array}{rrrr}\n",
       "4 & -2 & 1 & -1 \\\\\n",
       "-2 & 2 & 3 & -3 \\\\\n",
       "1 & 3 & 4 & -1 \\\\\n",
       "-1 & -3 & -1 & 4\n",
       "\\end{array}\\right)$"
      ],
      "text/plain": [
       "[ 4 -2  1 -1]\n",
       "[-2  2  3 -3]\n",
       "[ 1  3  4 -1]\n",
       "[-1 -3 -1  4]"
      ]
     },
     "execution_count": 213,
     "metadata": {},
     "output_type": "execute_result"
    }
   ],
   "source": [
    "P*D*transpose(P)"
   ]
  },
  {
   "cell_type": "markdown",
   "metadata": {},
   "source": [
    "# Singular Value Decomposition (SVD)"
   ]
  },
  {
   "cell_type": "code",
   "execution_count": 214,
   "metadata": {
    "vscode": {
     "languageId": "python"
    }
   },
   "outputs": [
    {
     "data": {
      "text/html": [
       "<html>\\(\\displaystyle \\left(\\begin{array}{rr}\n",
       "1.0 & -0.8 \\\\\n",
       "0.0 & 1.0 \\\\\n",
       "1.0 & 0.0\n",
       "\\end{array}\\right)\\)</html>"
      ],
      "text/latex": [
       "$\\displaystyle \\left(\\begin{array}{rr}\n",
       "1.0 & -0.8 \\\\\n",
       "0.0 & 1.0 \\\\\n",
       "1.0 & 0.0\n",
       "\\end{array}\\right)$"
      ],
      "text/plain": [
       "[ 1.0 -0.8]\n",
       "[ 0.0  1.0]\n",
       "[ 1.0  0.0]"
      ]
     },
     "execution_count": 214,
     "metadata": {},
     "output_type": "execute_result"
    }
   ],
   "source": [
    "A=matrix(RDF,[[1,-0.8],[0,1],[1,0]]);A"
   ]
  },
  {
   "cell_type": "code",
   "execution_count": 234,
   "metadata": {
    "vscode": {
     "languageId": "python"
    }
   },
   "outputs": [
    {
     "data": {
      "text/html": [
       "<html>\\(\\displaystyle \\left(\\left(\\begin{array}{rr}\n",
       "-0.01664513835257697 & 0.9998614600879583 \\\\\n",
       "0.9998614600879582 & 0.016645138352576964\n",
       "\\end{array}\\right), \\left(\\begin{array}{rrrr}\n",
       "3.9068098257389923 & 0.0 & 0.0 & 0.0 \\\\\n",
       "0.0 & 1.9613355106939918 & 0.0 & 0.0\n",
       "\\end{array}\\right), \\left(\\begin{array}{rrrr}\n",
       "0.49094952452469254 & -0.5446400360379354 & 0.679017737771844 & 0.03564698170648131 \\\\\n",
       "-0.5331879514862521 & -0.5276079717040427 & -0.07219417194640299 & 0.6573647679342218 \\\\\n",
       "-0.4649306845047983 & 0.49451009567972065 & 0.7275708864791892 & 0.09969869118809925 \\\\\n",
       "0.5084472749113443 & 0.4248021005242042 & -0.06605693359570448 & 0.7460971957790651\n",
       "\\end{array}\\right)\\right)\\)</html>"
      ],
      "text/latex": [
       "$\\displaystyle \\left(\\left(\\begin{array}{rr}\n",
       "-0.01664513835257697 & 0.9998614600879583 \\\\\n",
       "0.9998614600879582 & 0.016645138352576964\n",
       "\\end{array}\\right), \\left(\\begin{array}{rrrr}\n",
       "3.9068098257389923 & 0.0 & 0.0 & 0.0 \\\\\n",
       "0.0 & 1.9613355106939918 & 0.0 & 0.0\n",
       "\\end{array}\\right), \\left(\\begin{array}{rrrr}\n",
       "0.49094952452469254 & -0.5446400360379354 & 0.679017737771844 & 0.03564698170648131 \\\\\n",
       "-0.5331879514862521 & -0.5276079717040427 & -0.07219417194640299 & 0.6573647679342218 \\\\\n",
       "-0.4649306845047983 & 0.49451009567972065 & 0.7275708864791892 & 0.09969869118809925 \\\\\n",
       "0.5084472749113443 & 0.4248021005242042 & -0.06605693359570448 & 0.7460971957790651\n",
       "\\end{array}\\right)\\right)$"
      ],
      "text/plain": [
       "(\n",
       "                                                                                                                            [ 0.49094952452469254  -0.5446400360379354    0.679017737771844  0.03564698170648131]\n",
       "                                                                                                                            [ -0.5331879514862521  -0.5276079717040427 -0.07219417194640299   0.6573647679342218]\n",
       "[-0.01664513835257697   0.9998614600879583]  [3.9068098257389923                0.0                0.0                0.0]  [ -0.4649306845047983  0.49451009567972065   0.7275708864791892  0.09969869118809925]\n",
       "[  0.9998614600879582 0.016645138352576964], [               0.0 1.9613355106939918                0.0                0.0], [  0.5084472749113443   0.4248021005242042 -0.06605693359570448   0.7460971957790651]\n",
       ")"
      ]
     },
     "execution_count": 234,
     "metadata": {},
     "output_type": "execute_result"
    }
   ],
   "source": [
    "U,S,V=A.SVD()\n",
    "U, S, V"
   ]
  },
  {
   "cell_type": "code",
   "execution_count": 216,
   "metadata": {
    "vscode": {
     "languageId": "python"
    }
   },
   "outputs": [
    {
     "data": {
      "text/html": [
       "<html>\\(\\displaystyle \\left(\\begin{array}{rrr}\n",
       "-0.7882 & 1.665 \\times 10^{-16} & -0.6155 \\\\\n",
       "0.3845 & -0.7809 & -0.4924 \\\\\n",
       "-0.4806 & -0.6247 & 0.6155\n",
       "\\end{array}\\right)\\)</html>"
      ],
      "text/latex": [
       "$\\displaystyle \\left(\\begin{array}{rrr}\n",
       "-0.7882 & 1.665 \\times 10^{-16} & -0.6155 \\\\\n",
       "0.3845 & -0.7809 & -0.4924 \\\\\n",
       "-0.4806 & -0.6247 & 0.6155\n",
       "\\end{array}\\right)$"
      ],
      "text/plain": [
       "[  -0.7882 1.665e-16   -0.6155]\n",
       "[   0.3845   -0.7809   -0.4924]\n",
       "[  -0.4806   -0.6247    0.6155]"
      ]
     },
     "execution_count": 216,
     "metadata": {},
     "output_type": "execute_result"
    }
   ],
   "source": [
    "U.n(digits=4)"
   ]
  },
  {
   "cell_type": "code",
   "execution_count": 217,
   "metadata": {
    "vscode": {
     "languageId": "python"
    }
   },
   "outputs": [
    {
     "data": {
      "text/html": [
       "<html>\\(\\displaystyle \\left(\\begin{array}{rr}\n",
       "1.625 & 0.0000 \\\\\n",
       "0.0000 & 1.000 \\\\\n",
       "0.0000 & 0.0000\n",
       "\\end{array}\\right)\\)</html>"
      ],
      "text/latex": [
       "$\\displaystyle \\left(\\begin{array}{rr}\n",
       "1.625 & 0.0000 \\\\\n",
       "0.0000 & 1.000 \\\\\n",
       "0.0000 & 0.0000\n",
       "\\end{array}\\right)$"
      ],
      "text/plain": [
       "[ 1.625 0.0000]\n",
       "[0.0000  1.000]\n",
       "[0.0000 0.0000]"
      ]
     },
     "execution_count": 217,
     "metadata": {},
     "output_type": "execute_result"
    }
   ],
   "source": [
    "S.n(digits=4)"
   ]
  },
  {
   "cell_type": "code",
   "execution_count": 218,
   "metadata": {
    "vscode": {
     "languageId": "python"
    }
   },
   "outputs": [
    {
     "data": {
      "text/html": [
       "<html>\\(\\displaystyle \\left(\\begin{array}{rr}\n",
       "-0.7809 & -0.6247 \\\\\n",
       "0.6247 & -0.7809\n",
       "\\end{array}\\right)\\)</html>"
      ],
      "text/latex": [
       "$\\displaystyle \\left(\\begin{array}{rr}\n",
       "-0.7809 & -0.6247 \\\\\n",
       "0.6247 & -0.7809\n",
       "\\end{array}\\right)$"
      ],
      "text/plain": [
       "[-0.7809 -0.6247]\n",
       "[ 0.6247 -0.7809]"
      ]
     },
     "execution_count": 218,
     "metadata": {},
     "output_type": "execute_result"
    }
   ],
   "source": [
    "V.n(digits=4)"
   ]
  },
  {
   "cell_type": "code",
   "execution_count": 219,
   "metadata": {
    "vscode": {
     "languageId": "python"
    }
   },
   "outputs": [
    {
     "data": {
      "text/html": [
       "<html>\\(\\displaystyle \\left(\\begin{array}{rr}\n",
       "0.9999999999999997 & -0.7999999999999997 \\\\\n",
       "-5.551115123125783 \\times 10^{-17} & 1.0000000000000004 \\\\\n",
       "0.9999999999999999 & 1.1102230246251565 \\times 10^{-16}\n",
       "\\end{array}\\right)\\)</html>"
      ],
      "text/latex": [
       "$\\displaystyle \\left(\\begin{array}{rr}\n",
       "0.9999999999999997 & -0.7999999999999997 \\\\\n",
       "-5.551115123125783 \\times 10^{-17} & 1.0000000000000004 \\\\\n",
       "0.9999999999999999 & 1.1102230246251565 \\times 10^{-16}\n",
       "\\end{array}\\right)$"
      ],
      "text/plain": [
       "[    0.9999999999999997    -0.7999999999999997]\n",
       "[-5.551115123125783e-17     1.0000000000000004]\n",
       "[    0.9999999999999999 1.1102230246251565e-16]"
      ]
     },
     "execution_count": 219,
     "metadata": {},
     "output_type": "execute_result"
    }
   ],
   "source": [
    "AA=U*S*transpose(V);AA"
   ]
  },
  {
   "cell_type": "code",
   "execution_count": 220,
   "metadata": {
    "vscode": {
     "languageId": "python"
    }
   },
   "outputs": [
    {
     "data": {
      "text/html": [
       "<html>\\(\\displaystyle \\left(\\begin{array}{rr}\n",
       "1.000 & -0.8000 \\\\\n",
       "-5.551 \\times 10^{-17} & 1.000 \\\\\n",
       "1.000 & 1.110 \\times 10^{-16}\n",
       "\\end{array}\\right)\\)</html>"
      ],
      "text/latex": [
       "$\\displaystyle \\left(\\begin{array}{rr}\n",
       "1.000 & -0.8000 \\\\\n",
       "-5.551 \\times 10^{-17} & 1.000 \\\\\n",
       "1.000 & 1.110 \\times 10^{-16}\n",
       "\\end{array}\\right)$"
      ],
      "text/plain": [
       "[     1.000    -0.8000]\n",
       "[-5.551e-17      1.000]\n",
       "[     1.000  1.110e-16]"
      ]
     },
     "execution_count": 220,
     "metadata": {},
     "output_type": "execute_result"
    }
   ],
   "source": [
    "AA.n(digits=4)"
   ]
  },
  {
   "cell_type": "markdown",
   "metadata": {},
   "source": [
    "# Applications of SVD"
   ]
  },
  {
   "cell_type": "markdown",
   "metadata": {},
   "source": [
    "## Example 1: Orthogonal Procrustes problem"
   ]
  },
  {
   "cell_type": "code",
   "execution_count": 221,
   "metadata": {
    "vscode": {
     "languageId": "python"
    }
   },
   "outputs": [
    {
     "data": {
